273,[106 116  81 159 140  37 131  94 143 153 102  51 154 162  76 162  54 161
 154 153  65 157 154 160 115 116 141  20 166 112 150  51 106  68 111  62
  46  48  98 160 104 164  62  99  51 144  32 131  75  78  99 153 100 163
 163 162  74 142 161 167 168  68 156 120 141 147  75 145 158 146 101 163
 144 123 159 159 157 111  76 154  80  34  44 148 157 155 154  90 134  64
 145 142  26 148 155  54 133 149 143 160  75 146  47 131 136  81 156 173
 159  99 148  91 112 133 157  64 147 150  33  44  78  63  42  71  86  91
  55 125  44 164 159 152  62 150 160  89  78 143 156 149  39  88 160 157
 152 158  37 151 149 107 156 155  69 123 107  57  29 106 108 159  88  34
 159 103  62  40  66  55 127  70 155 149 136 145 160  83  59  54 145  69
 148  39  49 166  86  83 159 161 157  79 130 102 115  45  50  42 163 114
  61  86 114  35  66 159  51 137  66 153  58 110 136 147  48 101 100 140
  55 161 161  50 146  72 149 164  48 152 158 153  65 151 145 139 156  88
  99 122 142 159 126 161 166 162  76  75 163  74 160 125 104 137  31  74
 151 148  88  83  87 150  84 160 124  40  54 161 158 151 155 162  71 143
 149 152  77]