473,[106 163 144  68 116 156 159  98  46  81  27  41 116 111 129 154 100  94
  62  37  40 131 127  99 158 131  94  99 143 153  78 140 138 153 142 102
 148 163  61 157 161  74 154 159 163  33 162 153 153 159  75  76 137  48
 163 160 162  54 161 160 166 150 161 111 153 155 104  35 141 164 154 144
 122 111  65  20  62  75 158 162 106  62 115  51  32 144 112 165  45 158
  51 160 167 141 168 145  54 151 142 148 147 111 141  81  26  68 156 146
 159 120 131 135 155 155 140 123 164 144 134  75 132 159  99 100 158 136
 101 146  75 144 163 167 159 158 162 137  74 160  28  71 157 159 157  76
  29 156 148 173 136 150  44 154 153 164  80 161  34 143 115 157 157 156
 149 133 155  74 154  88  43 141  64 145 156 138 147 147 158 153 154 148
  83 141 156 153 161  90  47 135 164  95 118 132 154  55 133  71  44 149
 112 142 150 155 160  91 147 150  62 153 158 162  64 156 152 145  81  52
 110  33 114 151  89 159  91 156  80  34 145 143  86  44  63  56  42 159
  61 160 164 156 110 119  78 139 157 108  62 137  88  69 139  21  46 107
 156 149  88 143 152  39 120 152 157 158 157 123 106 116 159  31  37  75
 151 114 107  29 149  78  57  81  30  62  39  88  71  26  44 137  38 161
  55  93 145  48 136  34  66  68  66  54 127 130 145  42 106 115  23  39
 151  48  80  50  93  45 160 136  61  40  49  39 101  51 146  70 160  49
 153  16  83 149 153 114 161 147 155 133 108 101 159  69 125  86  56 129
 112 134 139  76 145 149 118 102 160  35 158  81  79  66 159  83 110  59
  86 163 114  58 157 130 152  33 154  51 144 148  36 159  37  52 139  82
 166 100  50  72 111  54 140  74  75 148 161  55 105 151 161 161 155 145
 149  58 122  40  31  88 146 153  84  70  32 138 149 164  74  71  94 153
  99 155 158 153 158  65 143 143 139 142 159  48 161 153 144 156  88  77
 140  97  74 126 156 123 161 125  64 156  42  54  34  50 151  92  83  65
 166 163 150 161  34 160 156 153 151 154 162 104 152  76  87  79 160 124
 158 137  60 166  54]